-104.1307
-126.9886
-99.0511
-63.4943
-63.4943
-48.2557
-30.4773
-55.8750
-137.1477
-162.5455
-83.8125
-38.0966
-83.8125
-147.3068
-177.7841
-157.4659
-99.0511
-63.4943
-86.3523
-162.5455
-210.8012
-165.0853
-81.2727
-22.8580
-55.8750
-96.5114
-50.7955
-10.1591
  0.0000
-20.3182
-20.3182
-35.5568
-137.1477
-195.5625
-187.9432
-157.4659
-129.5284
-165.0853
-172.7046
-144.7671
-111.7500
-48.2557
-55.8750
-121.9091
-162.5455
-137.1477
-60.9546
-27.9375
-20.3182
-25.3977
-66.0341
-86.3523
-71.1136
-73.6534
-109.2102
-139.6875
-132.0682
-114.2898
-121.9091
-147.3068
-170.1648
-165.0853
-167.6250
-170.1648
-116.8296
-88.8921
-96.5114
-68.5739
-35.5568
-30.4773
-55.8750
-96.5114
-106.6705
-111.7500
-124.4489
-109.2102
-111.7500
-126.9886
-96.5114
-68.5739
-63.4943
-78.7330
-121.9091
-126.9886
-106.6705
-134.6080
-157.4659
-114.2898
-111.7500
-154.9261
-154.9261
-129.5284
-78.7330
-50.7955
-63.4943
-15.2386
 20.3182
  5.0795
 33.0170
 17.7784
-81.2727
-200.6421
-218.4205
-144.7671
-126.9886
-116.8296
-119.3693
-114.2898
-81.2727
-99.0511
-88.8921
-86.3523
-124.4489
-116.8296
-91.4318
-73.6534
-91.4318
-116.8296
-124.4489
-167.6250
-200.6421
-205.7216
-147.3068
-111.7500
-129.5284
-45.7159
 -7.6193
-33.0170
-33.0170
-43.1761
-35.5568
-71.1136
-55.8750
-20.3182
-66.0341
-66.0341
-58.4148
-53.3352
-76.1932
-126.9886
-162.5455
-208.2614
-223.5000
-205.7216
-157.4659
-129.5284
-121.9091
-86.3523
-63.4943
-81.2727
-119.3693
-88.8921
-43.1761
-48.2557
-114.2898
-149.8466
-78.7330
-66.0341
-83.8125
-63.4943
-104.1307
-157.4659
-162.5455
-154.9261
-126.9886
-114.2898
-91.4318
-48.2557
-76.1932
-144.7671
-139.6875
-68.5739
-38.0966
-73.6534
-154.9261
-215.8807
-236.1989
-215.8807
-86.3523
-25.3977
-53.3352
-22.8580
-30.4773
-83.8125
-121.9091
-157.4659
-177.7841
-182.8636
-165.0853
-81.2727
-10.1591
-25.3977
-33.0170
-43.1761
-76.1932
-76.1932
-55.8750
-63.4943
-119.3693
-193.0228
-200.6421
-147.3068
-106.6705
-88.8921
-114.2898
-78.7330
-35.5568
-96.5114
-104.1307
-83.8125
-58.4148
-27.9375
-68.5739
-109.2102
-124.4489
-137.1477
-132.0682
-73.6534
-121.9091
-213.3409
-147.3068
-126.9886
-114.2898
-76.1932
-78.7330
-25.3977
-33.0170
-40.6364
-27.9375
-96.5114
-142.2273
-124.4489
-86.3523
-81.2727
-157.4659
-208.2614
-180.3239
-180.3239
-149.8466
-68.5739
-53.3352
-83.8125
-99.0511
-86.3523
-25.3977
  0.0000
-43.1761
-83.8125
-81.2727
-83.8125
-104.1307
-101.5909
-137.1477
-160.0057
-101.5909
-60.9546
-55.8750
-81.2727
-149.8466
-177.7841
-124.4489
-96.5114
-132.0682
-147.3068
-142.2273
-124.4489
-35.5568
 -2.5398
-33.0170
-60.9546
-111.7500
-104.1307
-78.7330
-106.6705
-114.2898
-134.6080
-167.6250
-152.3864
-93.9716
-30.4773
-60.9546
-126.9886
-152.3864
-157.4659
-106.6705
-33.0170
 -7.6193
-40.6364
-101.5909
-106.6705
-99.0511
-119.3693
-114.2898
-139.6875
-137.1477
-101.5909
-86.3523
-43.1761
-22.8580
-99.0511
-96.5114
-22.8580
 -5.0795
 43.1761
-33.0170
-68.5739
-27.9375
-162.5455
-172.7046
-142.2273
-246.3580
-289.5341
-284.4546
-271.7557
-187.9432
-111.7500
-126.9886
-119.3693
-104.1307
-149.8466
-200.6421
-116.8296
-27.9375
-10.1591
 60.9546
 78.7330
 83.8125
 91.4318
 38.0966
-15.2386
-68.5739
-144.7671
-132.0682
-76.1932
-137.1477
-147.3068
-175.2443
-259.0569
-236.1989
-210.8012
-154.9261
-111.7500
-134.6080
-86.3523
-48.2557
-50.7955
-45.7159
-96.5114
-114.2898
-116.8296
-129.5284
-111.7500
-121.9091
-167.6250
-180.3239
-165.0853
-147.3068
-43.1761
 -7.6193
-55.8750
-33.0170
-12.6989
 33.0170
 71.1136
-40.6364
-121.9091
-132.0682
-154.9261
-124.4489
-152.3864
-231.1193
-264.1364
-302.2330
-286.9944
-218.4205
-195.5625
-160.0057
-91.4318
-78.7330
-53.3352
-10.1591
-33.0170
-12.6989
 33.0170
 -7.6193
-40.6364
-53.3352
-91.4318
-81.2727
-73.6534
-88.8921
-109.2102
-182.8636
-193.0228
-147.3068
-96.5114
-60.9546
-60.9546
-83.8125
-147.3068
-126.9886
-91.4318
-93.9716
-76.1932
-111.7500
-116.8296
-129.5284
-195.5625
-203.1818
-205.7216
-205.7216
-86.3523
-38.0966
-157.4659
-193.0228
 15.2386
 40.6364
-149.8466
-38.0966
 10.1591
-154.9261
-71.1136
  2.5398
-149.8466
-233.6591
-144.7671
-83.8125
-233.6591
-274.2955
-172.7046
-124.4489
 10.1591
114.2898
142.2273
 78.7330
 40.6364
 68.5739
-22.8580
-126.9886
-126.9886
-119.3693
-190.4830
-281.9148
-279.3750
-276.8353
-259.0569
-152.3864
-134.6080
-139.6875
-124.4489
-73.6534
 22.8580
  5.0795
-35.5568
-93.9716
-149.8466
-144.7671
-160.0057
-88.8921
 35.5568
 48.2557
-48.2557
-124.4489
-96.5114
-60.9546
-20.3182
 27.9375
  5.0795
-66.0341
-116.8296
-86.3523
-68.5739
-78.7330
-101.5909
-182.8636
-223.5000
-187.9432
-132.0682
-78.7330
-109.2102
-126.9886
-121.9091
-180.3239
-185.4034
-185.4034
-175.2443
-48.2557
 38.0966
 81.2727
134.6080
 60.9546
-83.8125
-109.2102
-104.1307
-139.6875
-190.4830
-251.4375
-238.7387
-195.5625
-175.2443
-101.5909
-22.8580
-30.4773
-66.0341
-73.6534
-78.7330
-111.7500
-93.9716
-76.1932
-126.9886
-185.4034
-223.5000
-208.2614
-203.1818
-208.2614
-154.9261
-83.8125
-53.3352
-106.6705
-116.8296
 10.1591
 91.4318
 38.0966
-20.3182
-55.8750
-78.7330
-109.2102
-78.7330
-58.4148
-99.0511
-149.8466
-274.2955
-195.5625
-111.7500
-142.2273
 27.9375
-12.6989
-78.7330
-12.6989
-160.0057
-78.7330
-40.6364
-248.8978
-200.6421
-177.7841
-116.8296
 30.4773
-17.7784
-104.1307
-132.0682
-60.9546
 -7.6193
-88.8921
-154.9261
-170.1648
-177.7841
-223.5000
-251.4375
-147.3068
-71.1136
-147.3068
-175.2443
-86.3523
-83.8125
-175.2443
-152.3864
-55.8750
 -7.6193
  2.5398
-38.0966
-25.3977
 35.5568
 -5.0795
-38.0966
-30.4773
-68.5739
-86.3523
-134.6080
-218.4205
-231.1193
-177.7841
-147.3068
-124.4489
-139.6875
-236.1989
-223.5000
-152.3864
-114.2898
-73.6534
-121.9091
-132.0682
-68.5739
-68.5739
-55.8750
-38.0966
  7.6193
 83.8125
 33.0170
-20.3182
  5.0795
-50.7955
-99.0511
-157.4659
-243.8182
-139.6875
-81.2727
-91.4318
-45.7159
-132.0682
-208.2614
-152.3864
-180.3239
-236.1989
-162.5455
-93.9716
  7.6193
-25.3977
-160.0057
-101.5909
-76.1932
-104.1307
-73.6534
-101.5909
-76.1932
 30.4773
 71.1136
 91.4318
  5.0795
-160.0057
-187.9432
-180.3239
-172.7046
-134.6080
-139.6875
-88.8921
-96.5114
-142.2273
-88.8921
-182.8636
-231.1193
-185.4034
-157.4659
-43.1761
-68.5739
-96.5114
 -5.0795
-55.8750
-210.8012
-307.3125
-297.1534
-149.8466
-53.3352
-25.3977
 55.8750
134.6080
147.3068
106.6705
 68.5739
-50.7955
-175.2443
-246.3580
-269.2159
-223.5000
-142.2273
-48.2557
 12.6989
 -2.5398
-162.5455
-271.7557
-307.3125
-408.9034
-513.0341
-452.0796
-289.5341
-88.8921
231.1193
386.0455
386.0455
233.6591
-93.9716
-177.7841
-88.8921
-38.0966
 86.3523
111.7500
-45.7159
-83.8125
-58.4148
-30.4773
 -5.0795
-121.9091
-248.8978
-340.3296
-337.7898
-264.1364
-340.3296
-487.6364
-439.3807
-266.6762
-38.0966
 91.4318
-25.3977
-68.5739
-30.4773
-20.3182
126.9886
314.9319
218.4205
  7.6193
-193.0228
-380.9659
-350.4887
-322.5512
-236.1989
-55.8750
-60.9546
-30.4773
-17.7784
-149.8466
-137.1477
-139.6875
-205.7216
-210.8012
-236.1989
-48.2557
246.3580
353.0284
256.5171
 25.3977
-162.5455
-259.0569
-223.5000
-152.3864
-231.1193
-248.8978
-167.6250
-228.5796
-274.2955
-259.0569
-226.0398
  5.0795
157.4659
 63.4943
 -2.5398
-43.1761
-76.1932
-53.3352
-78.7330
-426.6819
-365.7273
 25.3977
-126.9886
-104.1307
-256.5171
-312.3921
269.2159
203.1818
-20.3182
 78.7330
-205.7216
-246.3580
-279.3750
-637.4830
-307.3125
101.5909
-10.1591
  0.0000
165.0853
 73.6534
-109.2102
-213.3409
-266.6762
-124.4489
-88.8921
 99.0511
304.7728
 66.0341
-43.1761
-73.6534
-213.3409
-40.6364
114.2898
-99.0511
-289.5341
-447.0001
-408.9034
-154.9261
-276.8353
-505.4148
-187.9432
 86.3523
-142.2273
-55.8750
 58.4148
-78.7330
144.7671
142.2273
  7.6193
 15.2386
-198.1023
-182.8636
-124.4489
-198.1023
-71.1136
 20.3182
-68.5739
-286.9944
-424.1421
-241.2784
-73.6534
-63.4943
101.5909
-35.5568
-35.5568
208.2614
-99.0511
-76.1932
 45.7159
-172.7046
-71.1136
-139.6875
-426.6819
-299.6932
-53.3352
-111.7500
 27.9375
203.1818
-88.8921
-187.9432
-149.8466
-347.9489
-261.5966
-66.0341
  7.6193
 -7.6193
-58.4148
 -2.5398
-154.9261
-119.3693
-60.9546
-264.1364
-10.1591
  7.6193
-198.1023
-60.9546
-78.7330
  5.0795
 88.8921
-91.4318
-104.1307
 73.6534
 17.7784
-147.3068
-119.3693
-218.4205
-256.5171
-25.3977
-167.6250
-490.1762
-289.5341
-116.8296
-134.6080
-119.3693
-124.4489
152.3864
187.9432
-228.5796
-213.3409
 58.4148
-50.7955
-33.0170
106.6705
-73.6534
  5.0795
 12.6989
-256.5171
-104.1307
-78.7330
-190.4830
-126.9886
-261.5966
-350.4887
-256.5171
-271.7557
-111.7500
129.5284
-17.7784
-137.1477
-81.2727
-17.7784
 58.4148
 20.3182
-187.9432
-233.6591
-109.2102
-210.8012
-256.5171
-33.0170
134.6080
 43.1761
-139.6875
-157.4659
 12.6989
 17.7784
-78.7330
-149.8466
-162.5455
-50.7955
-167.6250
-294.6137
-180.3239
-48.2557
-20.3182
-106.6705
-218.4205
-152.3864
 73.6534
106.6705
447.0001
876.2217
835.5853
921.9376
256.5171
-104.1307
-640.0228
-3169.6367
-2415.3242
1051.4661
1973.4036
2755.6538
1955.6252
-2801.3696
-8386.3301
-9661.2969
-3847.7561
2890.2617
11185.1602
14486.8652
4594.4492
-5920.2109
-16566.9395
-21707.4395
-9270.1719
13587.7852
29291.2012
20930.2695
5084.6255
-4784.9321
-18690.1895
-22743.6680
-13290.6318
2280.7161
24290.3887
20833.7578
-1170.8353
-3301.7048
-7294.2280
-9925.4326
-2156.2673
-7952.0293
561.2899
13227.1377
-3195.0344
1752.4434
14105.8994
-11096.2686
-16236.7686
-3837.5969
-4520.7959
12122.3369
21524.5762
7372.9609
-11347.7061
-23475.1211
-6837.0688
9701.9326
-3504.8867
5948.1484
29192.1504
6339.2734
-18596.2188
-21125.8320
-14347.1777
14100.8193
20259.7695
2219.7615
2930.8979
-1292.7445
-9729.8701
-6628.8076
-9313.3477
-708.5967
14255.7461
3106.1423
-391.1250
5529.0859
-9859.3984
-1584.8184
11665.1777
-355.5682
-5214.1538
-11548.3477
-5221.7734
5173.5176
3479.4890
-4525.8755
-24013.5527
-12145.1943
14314.1602
17306.0137
21166.4688
25349.4746
3862.9946
-34764.4141
-40103.0156
-17859.6836
8122.1938
43498.6914
42391.3516
629.8637
-11875.9785
-5104.9438
-13531.9102
-12592.1943
-10016.8643
982.8922
22192.5371
4596.9893
-16036.1270
-8157.7510
-14270.9844
-19137.1895
5112.5630
19223.5410
9356.5234
19393.7070
22746.2070
-11510.2510
-32046.8555
-24341.1836
-83.8125
20927.7285
20145.4785
13135.7061
1376.5570
-15949.7744
-25397.7305
-2755.6538
17184.1035
10687.3643
26825.0820
16587.2578
-19297.1953
-15002.4395
-16185.9736
-21641.4062
-6362.1313
1297.8240
2494.0571
11817.5635
502.8751
-18921.3086
2577.8696
11096.2686
10832.1318
26080.9297
-10733.0811
-29217.5488
-170.1648
-4551.2734
3342.3413
9244.7734
-5041.4492
12229.0068
5988.7847
-6720.2393
9968.6094
5572.2617
-1056.5455
-439.3807
-7515.1885
-1981.0229
-2603.2673
-18570.8203
-8005.3643
16983.4629
21661.7246
9666.3760
-7736.1484
-6593.2505
-2074.9946
-10794.0352
-6689.7622
1724.5059
3189.9548
-4038.2390
-7136.7622
-1460.3695
-6280.8584
2994.3923
14989.7402
7703.1313
4360.7900
3654.7334
2885.1821
-3083.2844
1193.6934
13105.2285
-4843.3472
-18682.5703
-16513.6035
-11898.8369
-858.4433
177.7841
12061.3818
28536.8887
18779.0820
-3014.7104
-18273.6660
-17062.1953
-1125.1194
2080.0740
-3489.6482
2900.4207
-4736.6768
-16127.5586
-10054.9609
-3334.7219
15241.1777
28475.9355
15906.5986
2814.0684
-15464.6777
-29248.0254
-13435.3994
6976.7563
15711.0361
30251.2363
31457.6289
5092.2446
-18410.8145
-32029.0762
-28559.7480
-2245.1594
16216.4502
15705.9561
10877.8477
-6006.5630
-21407.7461
-14837.3535
-5894.8130
6118.3130
11149.6035
-4718.8984
-3802.0403
13448.0977
9872.0977
-312.3921
-2737.8752
-1280.0455
2847.0854
-3855.3755
921.9376
8533.6377
-10733.0811
-9917.8135
-2704.8582
-13183.9619
-1782.9207
3934.1084
14679.8877
36354.3086
18260.9688
-6265.6201
-22484.6094
-22433.8145
-6143.7109
4271.8979
24755.1680
10832.1318
-10860.0693
-6951.3589
-18459.0703
-1831.1763
6453.5630
-14580.8369
5170.9780
5701.7905
-19642.6035
-10791.4951
990.5115
17811.4277
27040.9629
5518.9268
-14507.1836
-17547.2910
-9265.0918
4500.4775
16356.1377
9694.3135
16391.6953
19340.3711
-11309.6094
-16904.7285
-14715.4443
-10456.2451
3576.0005
-8505.7002
-2755.6538
22451.5938
29296.2812
27617.4922
19396.2461
21067.4160
25773.6172
22946.8496
36636.2266
48453.7891
50993.5625
52972.0469
34855.8438
11700.7344
-14931.3252
-56570.9023
-81293.0547
-83063.2734
  0.0000
-83116.6094
-83195.3438
  0.0000
-82905.8125
-76772.2578
-67126.2031
-62706.9961
-9679.0752
65503.2852
  0.0000
79814.9062
73363.8828
79306.9531
67047.4688
18740.9844
-35422.2148
-83139.4688
-78362.1562
-34139.6289
-33621.5156
-53927.0000
-55638.8086
-4693.5005
73173.3984
  0.0000
81059.3984
  0.0000
81526.7109
  0.0000
81511.4766
  0.0000
62943.1953
-12208.6885
-71657.1562
  0.0000
-81884.8203
  0.0000
  0.0000
-81569.8906
  0.0000
-77653.5625
  0.0000
-34269.1562
76749.3984
  0.0000
81239.7188
  0.0000
82552.7812
72886.4062
25529.7988
14464.0068
50051.3047
82344.5234
78941.2266
45898.7773
2420.4036
-21814.1094
-38254.0625
-76688.4453
-77193.8594
-23553.8555
25943.7812
51511.6758
42376.1133
20950.5879
18464.1504
-8061.2393
-59283.3828
-72035.5781
-48276.0039
-14908.4678
41182.4180
72436.8672
59331.6367
51836.7656
32051.9355
14616.3936
-9028.8926
-65673.4531
  0.0000
-57561.4141
-8513.3193
51785.9727
  0.0000
72688.3047
25826.9512
-40362.0742
-81694.3359
  0.0000
-80112.0625
  0.0000
-47961.0742
22804.6211
47361.6875
72193.0469
  0.0000
80993.3594
  0.0000
81816.2500
  0.0000
73468.0156
47496.2930
25608.5312
-25583.1328
-79347.5859
  0.0000
-82689.9297
  0.0000
-81887.3594
-81481.0000
-11154.6826
70661.5625
  0.0000
81727.3516
  0.0000
78128.5000
47415.0234
30347.7480
32824.0273
14032.2461
-32615.7656
-77653.5625
  0.0000
-82979.4609
  0.0000
-82590.8750
-81922.9141
-47166.1250
-14502.1035
27503.2012
75675.0781
  0.0000
82748.3438
82948.9844
81587.6641
21885.2246
-63004.1484
  0.0000
-78016.7500
-49129.3672
-16792.9785
5882.1143
24272.6113
26835.2422
2770.8923
-33931.3672
-39658.5547
-24976.1270
-4983.0347
18182.2344
16841.2344
15190.3818
24920.2520
10433.3877
-2918.1992
2750.5742
8909.5234
12340.7568
9188.8984
11535.6484
26888.5762
35993.6641
22413.4961
-7880.9155
-33326.9023
-47516.6133
-48463.9492
-26875.8770
-7799.6431
6463.7222
25600.9121
28049.2520
25252.9629
12246.7852
-7370.4214
-6359.5918
858.4433
10154.0127
533.3524
-28000.9980
-27701.3047
-23685.9238
-26065.6895
-14712.9053
-11812.4844
-6682.1426
8503.1602
28232.1172
42190.7070
35754.9258
28293.0703
23856.0879
24976.1270
27119.6953
23348.1328
31686.2070
28770.5488
749.2330
-20417.2344
-28719.7539
-42320.2383
-60220.5586
-73701.6719
-75179.8203
-66468.3984
-63044.7852
-46780.0781
-13087.4502
11014.9951
28089.8887
34957.4336
28394.6621
35003.1523
48512.2031
51636.1250
56177.2383
61411.7109
67537.6406
67977.0234
59796.4141
50147.8164
30111.5488
10242.9043
-21717.5996
-64926.7578
-78344.3750
-76365.8906
-68043.0547
-44240.3047
-31879.2305
-35437.4531
-34424.0820
-33131.3398
-31559.2188
-18608.9160
-3621.7163
16483.1270
39158.2188
50246.8672
56713.1289
43963.4688
17605.7070
11675.3359
14837.3535
9785.7451
-5158.2788
-19459.7402
-16853.9336
-9343.8252
-12173.1318
-17341.5703
-19414.0254
-28224.4980
-40405.2500
-41731.0117
-36692.1016
-30746.4922
-21679.5020
-4957.6367
21616.0078
39452.8320
43866.9609
52753.6250
64190.2227
59689.7461
47181.3633
35315.5430
21996.9746
23500.5195
26058.0703
15352.9277
708.5967
-25593.2930
-58841.4609
-77196.3984
-73988.6641
-54064.1484
-30403.6230
-9569.8643
12109.6377
22296.6680
23429.4062
15126.8877
-2854.7048
-1160.6763
8175.5293
7908.8530
13288.0918
15614.5244
24516.4277
41873.2383
26944.4512
-4983.0347
-28056.8730
-32991.6523
-6532.2959
14852.5928
14296.3818
10567.9951
9529.2285
482.5569
-21217.2637
-29154.0547
-22596.3594
-17087.5918
-16285.0244
-22197.6152
-15947.2344
685.7387
11050.5527
14377.6553
11200.3984
5198.9155
-4942.3984
-13349.0469
-21925.8594
-28257.5137
-13648.7402
9186.3594
22896.0527
22606.5195
10636.5693
749.2330
-8147.5918
-13798.5869
-9673.9951
1879.4320
21549.9746
33177.0547
30180.1230
18004.4512
-4962.7163
-16582.1777
-12881.7285
-14893.2285
-16140.2578
-8203.4668
4635.0859
13412.5410
4614.7676
-2704.8582
116.8296
1267.3467
12599.8135
13394.7627
4835.7275
1897.2104
-15573.8877
-15365.6270
-4383.6479
-12264.5635
-2237.5400
9483.5127
9496.2109
20148.0195
14283.6836
-1856.5741
-1483.2274
1043.8467
5859.2563
8289.8193
4942.3984
16285.0244
29654.3887
20518.8262
-1721.9661
-17008.8594
-16064.0645
-4998.2734
-4160.1479
-10339.4160
-7304.3872
-2382.3071
-3758.8640
-15594.2061
-25928.5430
-26233.3145
-24056.7305
-9572.4043
8101.8760
15672.9395
24061.8086
20056.5879
693.3580
-5188.7563
-7162.1597
-17135.8477
-16955.5254
-11682.9561
-4693.5005
1102.2615
-3446.4719
-5676.3926
733.9944
6372.2905
-1079.4036
-15947.2344
-19863.5645
-12620.1318
1638.1536
18164.4570
30022.6562
36458.4414
30159.8047
13011.2568
1838.7957
-914.3183
-1932.7672
3349.9604
10164.1719
8632.6885
11741.3701
13933.1943
-322.5512
-14611.3145
-23048.4395
-28227.0371
-23917.0430
-20709.3086
-17504.1152
-6212.2847
-2461.0400
-4152.5288
1094.6422
3446.4719
5777.9834
15871.0410
24323.4062
29090.5605
29364.8555
18563.2012
2186.7446
-8528.5576
-13915.4160
-17196.8027
-24038.9512
-28958.4922
-19779.7520
-8790.1543
-8919.6826
-15832.9443
-16376.4561
-6534.8359
4363.3301
8012.9839
9960.9893
19218.4629
31924.9473
39493.4688
33464.0508
21184.2461
13498.8936
9275.2510
6156.4097
2240.0798
-1704.1876
-3624.2561
-1495.9263
-1711.8070
-9491.1318
-17722.5352
-20064.2070
-14789.0977
-9927.9727
-10649.2686
-10024.4844
-5186.2163
5201.4551
10199.7285
-711.1364
-11360.4043
-16051.3652
-15543.4111
-8360.9326
-5833.8584
1160.6763
13552.2285
15472.2969
12851.2510
3687.7505
-7657.4155
-5861.7959
-1617.8354
556.2103
2765.8127
-1351.1592
-4000.1423
-3027.4094
-6489.1201
-7906.3135
-6938.6597
-5564.6426
2181.6650
2494.0571
-5127.8018
-6072.5972
-6705.0005
-3045.1877
11558.5068
20330.8828
23561.4746
28861.9805
28521.6504
27716.5430
20902.3320
6344.3530
-1264.8070
-5173.5176
-7807.2622
-12391.5527
-20440.0938
-23485.2812
-19342.9102
-11771.8477
-7487.2510
-2382.3071
4520.7959
5071.9268
2463.5798
 45.7159
-3271.2275
-12617.5918
-19632.4453
-15672.9395
-13897.6377
-10816.8936
-3469.3298
-3146.7788
-3377.8982
-5099.8643
-10578.1543
-7088.5063
-1854.0343
3205.1936
14740.8428
19843.2461
19835.6270
18911.1504
10903.2451
1711.8070
-8556.4951
-15358.0068
-10115.9160
-3441.3923
5178.5972
17905.4004
24117.6836
25631.3887
18215.2520
2935.9775
-5394.4780
-8586.9727
-5600.1992
1127.6592
2679.4604
5450.3530
10138.7734
9214.2969
2207.0627
-5539.2451
-9851.7793
-8637.7676
-5732.2676
-4701.1196
-1958.1649
2768.3525
6395.1484
3657.2732
-7964.7280
-15413.8818
-11002.2969
-8713.9609
-10448.6260
-3522.6650
7312.0063
10377.5127
6151.3301
-4315.0742
-13359.2061
-14832.2744
-12963.0010
-4099.1934
4129.6709
3738.5459
4475.0801
7863.1372
7337.4043
3987.4436
3291.5459
4307.4551
4980.4946
5734.8076
4886.5234
3936.6482
5153.1992
8449.8252
12000.4277
7372.9609
-3629.3357
-11797.2451
-16158.0361
-13963.6719
-8683.4834
-4096.6538
2250.2388
7832.6597
11571.2061
11294.3701
3680.1311
-8523.4785
-16074.2236
-12742.0410
-7233.2734
-5414.7959
-3327.1025
 20.3182
2923.2788
1455.2899
-4137.2900
-7949.4893
-8980.6377
-8515.8584
-4810.3301
154.9261
7073.2676
11568.6660
5780.5234
-276.8353
-1706.7274
-1343.5399
1450.2103
5549.4038
13544.6094
23002.7246
28371.8047
25694.8828
11969.9502
-3690.2900
-13483.6553
-17841.9043
-17153.6270
-16627.8945
-14773.8594
-9112.7051
-2448.3411
4147.4492
2730.2559
-4759.5347
-6186.8872
-4873.8242
-5955.7676
-4116.9722
2270.5571
10187.0293
15914.2178
15434.2002
13204.2793
12825.8535
7393.2793
-929.5569
-6009.1030
-8978.0977
-10148.9326
-12368.6943
-14354.7969
-11736.2910
-7705.6714
-4950.0176
-1876.8922
2054.6763
4909.3813
6123.3926
6103.0747
5158.2788
5297.9663
4383.6479
2605.8071
2080.0740
-3263.6084
-10128.6143
-10522.2793
-6710.0801
 50.7955
7101.2051
9938.1318
7306.9268
1981.0229
121.9091
-934.6365
-4340.4722
-4157.6084
-393.6648
4292.2163
5457.9722
218.4205
949.8751
5490.9893
1457.8297
-1180.9944
-2062.2957
-7174.8589
-9199.0576
-12452.5068
-16297.7236
-11853.1201
-4635.0859
1257.1876
8663.1660
14149.0752
14598.6152
13831.6035
9966.0693
5516.3867
6519.5972
5295.4268
2788.6707
3598.8584
2867.4038
5950.6880
7832.6597
-1663.5513
-10446.0859
-14657.0303
-15639.9219
-12338.2168
-12335.6777
-12576.9561
-7507.5688
-2311.1934
-2298.4946
-5386.8584
-3847.7561
4226.1821
11863.2793
15599.2861
14794.1777
10151.4727
6514.5176
3862.9946
-416.5228
-4043.3186
-3261.0686
-2328.9719
-3499.8071
-3281.3867
-4515.7163
-4482.6992
-2321.3525
-3603.9380
-690.8182
6184.3472
6788.8130
8096.7964
11253.7344
10847.3701
11456.9160
8213.6260
2176.5854
840.6649
-2458.5002
-5869.4155
-4817.9492
-4980.4946
-4787.4722
-3837.5969
-9767.9668
-21026.7812
-26644.7578
-22890.9746
-14192.2510
-5082.0859
3809.6594
12843.6318
18126.3594
15672.9395
8096.7964
1658.4718
-6567.8530
-14715.4443
-13790.9678
-9613.0410
-4784.9321
2458.5002
6773.5747
8785.0752
7294.2280
3385.5173
4551.2734
7218.0347
8635.2285
11332.4668
13816.3652
15106.5693
9676.5352
-1158.1365
-7604.0806
-9478.4326
-8863.8076
-7400.8984
-6440.8643
-4607.1484
-1676.2501
2146.1082
4619.8472
4203.3242
1920.0684
538.4319
637.4830
-883.8410
-3484.5686
-6209.7451
-4193.1650
2854.7048
5376.6992
6638.9668
6707.5405
-162.5455
-5389.3984
-7012.3130
-8330.4551
-5158.2788
-1358.7786
-314.9319
1821.0172
1854.0343
-393.6648
-1254.6478
-3271.2275
-3647.1140
604.4659
3217.8923
3908.7107
4843.3472
4114.4321
3550.6025
932.0967
-4289.6768
-5170.9780
-1831.1763
1389.2559
4693.5005
4983.0347
1183.5342
-1244.4888
-3715.6880
-7461.8530
-10339.4160
-13384.6035
-13536.9902
-8213.6260
-2095.3127
2039.4377
4378.5688
5704.3301
6158.9497
2610.8867
-921.9376
993.0512
4541.1143
6128.4722
5950.6880
4106.8130
1005.7501
-838.1251
-132.0682
3692.8298
8653.0068
8160.2905
4122.0518
2369.6082
769.5512
-1211.4717
-1071.7842
2801.3696
8653.0068
8983.1768
2803.9094
-2273.0969
-5480.8301
-9059.3701
-9831.4609
-7065.6484
-3349.9604
-556.2103
-942.2558
-1640.6934
248.8978
-2405.1650
-7332.3247
-6882.7847
-2775.9719
4256.6597
10255.6035
13285.5527
14283.6836
10054.9609
243.8182
-10992.1377
-16297.7236
-13801.1260
-7761.5464
-1450.2103
2476.2786
3172.1765
-553.6705
-6379.9097
-8358.3926
-6689.7622
-3936.6482
-1846.4149
-612.0853
1836.2559
3845.2163
4299.8354
4630.0063
3794.4209
2562.6309
815.2672
-2156.2673
-3527.7446
-4444.6025
-4630.0063
-916.8580
1290.2047
-2024.1991
-6390.0688
-9597.8018
-7677.7339
-1574.6593
3167.0969
9620.6602
13539.5303
11705.8135
9033.9727
6100.5347
5300.5063
7581.2222
8762.2168
6153.8701
1851.4945
-2237.5400
-5714.4893
-7370.4214
-5882.1143
-3499.8071
-4254.1196
-5798.3018
-4970.3359
-1762.6024
2184.2048
4944.9380
7670.1143
10491.8018
10578.1543
8063.7793
3621.7163
-2400.0854
-5953.2280
-6506.8984
-6730.3984
-7383.1201
-7931.7109
-7174.8589
-5625.5972
-3918.8696
-1998.8014
-2603.2673
-4901.7617
-2996.9321
1338.4603
4343.0117
7159.6201
8983.1768
8978.0977
7522.8076
5107.4834
2608.3469
-914.3183
-4134.7505
-5455.4326
-5892.2734
-5569.7222
-6908.1826
-8493.0010
-8924.7627
-10628.9502
-10959.1201
-9818.7627
-7492.3301
-1561.9603
5727.1880
11332.4668
13288.0918
11934.3936
8851.1084
4657.9438
1214.0115
-1015.9092
434.3012
4409.0459
5691.6313
6128.4722
5780.5234
3812.1992
2478.8184
675.5796
-2671.8411
-5110.0234
-5488.4492
-5727.1880
-3614.0969
1937.8468
5424.9551
6237.6826
5508.7676
1752.4434
-1945.4661
-4883.9834
-7527.8872
-6011.6426
-1465.4490
1854.0343
4071.2561
4271.8979
114.2898
-5729.7280
-10410.5293
-11700.7344
-9247.3135
-7167.2393
-3591.2390
1770.2218
4812.8696
7997.7451
10011.7852
8495.5410
4817.9492
-1059.0853
-4124.5913
-3596.3186
-3045.1877
-1788.0002
-713.6762
993.0512
2999.4719
2356.9094
-335.2500
-2730.2559
-3195.0344
-2933.4377
-2885.1821
-1262.2672
2547.3923
6542.4551
8124.7339
7116.4438
5991.3247
5297.9663
2331.5117
-3382.9775
-8165.3701
-9470.8135
-8467.6035
-6222.4438
-4165.2275
-4320.1538
-4381.1084
-1780.3809
1534.0228
2402.6252
149.8466
-1508.6251
-1226.7103
-1501.0059
-1513.7047
-1097.1819
-383.5057
1506.0853
2400.0854
2679.4604
2417.8638
891.4603
3283.9265
8386.3301
9280.3301
5770.3643
1330.8411
-756.8524
-1150.5172
-2181.6650
-3080.7446
-1234.3297
3103.6025
5313.2051
5534.1655
7245.9722
9006.0352
8338.0752
4350.6313
-1846.4149
-6108.1538
-9084.7676
-11888.6777
-11436.5977
-9369.2227
-6565.3130
-3578.5400
-3431.2334
-3982.3640
-3106.1423
-1897.2104
-1145.4376
-518.1137
1531.4832
5374.1597
9201.5977
8960.3193
6786.2734
6542.4551
3672.5117
642.5626
-627.3239
-3426.1538
-3220.4321
-2803.9094
-3817.2788
-439.3807
688.2785
-3095.9832
-6232.6030
-9336.2051
-9691.7734
-6362.1313
-2468.6594
2859.7844
7761.5464
9384.4609
8731.7393
7705.6714
7146.9214
6164.0288
2968.9946
-2295.9548
-6433.2451
-7395.8188
-6687.2222
-5445.2734
-3385.5173
-703.5171
1452.7501
543.5114
-2849.6252
-4063.6367
-1361.3184
2349.2900
4556.3525
4703.6597
2725.1765
-101.5909
-2994.3923
-4741.7563
-3786.8015
-1709.2672
 22.8580
1473.0684
2829.3071
4089.0344
3921.4094
2336.5911
1615.2957
820.3467
-1407.0342
-1653.3922
700.9774
2189.2844
1859.1138
327.6307
-731.4546
-185.4034
591.7671
1765.1422
3982.3640
4866.2051
2301.0344
-3258.5288
-9282.8701
-11558.5068
-8698.7227
-3702.9890
236.1989
1922.6082
2476.2786
2331.5117
871.1422
-495.2557
-1175.9149
-929.5569
1048.9263
2593.1082
3436.3127
4198.2446
3400.7561
2750.5742
1236.8694
-2199.4434
-4114.4321
-4861.1255
-3908.7107
-1696.5684
-2252.7786
-4061.0969
-5442.7334
-6014.1826
-4795.0913
-4096.6538
-2181.6650
1564.5001
3474.4094
5976.0859
7873.2964
6689.7622
6191.9663
5104.9438
2648.9832
1848.9547
667.9603
-1501.0059
-2621.0457
-3761.4038
-3847.7561
-3123.9207
-3883.3130
-3751.2446
-1396.8751
1470.5286
3306.7844
3118.8413
3101.0627
3565.8413
2567.7104
3002.0117
4477.6196
5242.0913
6407.8472
6189.4268
4447.1426
1854.0343
-634.9432
-1953.0854
-3642.0344
-5818.6201
-7855.5181
-9061.9102
-8498.0801
-6900.5630
-4741.7563
-3621.7163
-4365.8696
-4848.4268
-4584.2900
-2814.0684
510.4944
3245.8298
5104.9438
6936.1201
8211.0859
7383.1201
4563.9722
2186.7446
1993.7218
2514.3752
1866.7332
-309.8523
-2504.2161
-2839.4663
-1927.6877
-406.3637
1714.3468
2537.2332
-358.1080
-4368.4097
-7291.6885
-9414.9385
-8459.9834
-6296.0972
-4114.4321
116.8296
4152.5288
5823.6992
5409.7163
3555.6821
1696.5684
853.3637
 17.7784
-1013.3694
-794.9490
637.4830
2283.2559
3393.1367
2273.0969
-226.0398
-1876.8922
-3611.5571
-3525.2048
132.0682
4696.0400
8132.3530
9100.0068
6981.8359
3202.6538
-281.9148
-2727.7163
-2400.0854
-553.6705
-1569.5797
-2968.9946
-2994.3923
-4426.8242
-4950.0176
-5211.6143
-6250.3813
-4688.4209
-3103.6025
-1968.3241
-421.6023
-482.5569
548.5909
3273.7673
4670.6426
3565.8413
728.9149
-769.5512
1043.8467
4114.4321
5800.8413
5518.9268
3431.2334
-454.6194
-4911.9209
-8066.3188
-9178.7393
-7301.8472
-3763.9436
-1528.9434
-195.5625
490.1762
-1353.6990
-4391.2676
-4797.6313
-1978.4832
2580.4094
7339.9438
10562.9160
12221.3877
11850.5811
8653.0068
4228.7222
-871.1422
-5087.1655
-6207.2051
-5935.4497
-4749.3755
-2847.0854
-1521.3240
210.8012
1732.1251
1587.3582
340.3296
-662.8807
-1196.2330
-1737.2047
-1330.8411
424.1421
2537.2332
3408.3752
3362.6594
3609.0173
2448.3411
-830.5057
-4576.6709
-6880.2451
-6666.9043
-5206.5347
-3542.9834
-982.8922
1407.0342
2247.6990
2600.7275
1803.2388
-391.1250
-1056.5455
-571.4489
-401.2841
431.7614
675.5796
670.5001
1998.8014
1282.5853
-1391.7957
-2887.7219
-4307.4551
-4817.9492
-3146.7788
-617.1649
1483.2274
2006.4207
1818.4774
1140.3580
187.9432
363.1875
1379.0967
2984.2332
3713.1482
2417.8638
408.9034
-1508.6251
-3695.3696
-5163.3584
-3847.7561
-1374.0172
556.2103
2087.6934
1084.4830
-1036.2274
-987.9717
-360.6478
1188.6138
3258.5288
3789.3413
4640.1650
4442.0630
2948.6765
2351.8298
411.4432
-2582.9492
-4556.3525
-5501.1484
-4678.2617
-2824.2275
-731.4546
1531.4832
2798.8298
2867.4038
2819.1479
3835.0571
4848.4268
4784.9321
4200.7847
2567.7104
-30.4773
-2537.2332
-4325.2334
-4988.1143
-5435.1143
-5711.9492
-5211.6143
-4850.9663
-4381.1084
-4058.5571
-4208.4038
-3926.4890
-2862.3242
-248.8978
2737.8752
4249.0400
5000.8130
5290.3472
4967.7959
4066.1765
2585.4890
2356.9094
3022.3298
2588.0286
1584.8184
198.1023
-1087.0228
-1899.7502
-2867.4038
-3741.0857
-4815.4097
-5617.9780
-5198.9155
-4231.2617
-2768.3525
-703.5171
1785.4604
4683.3413
5739.8867
4238.8813
2760.7332
1798.1593
675.5796
-525.7330
-1859.1138
-1879.4320
-424.1421
-314.9319
-2011.5002
-3911.2505
-4307.4551
-2247.6990
-883.8410
-1132.7388
807.6478
4962.7163
9018.7334
9221.9160
4594.4492
810.1876
-1673.7104
-4083.9551
-5704.3301
-7367.8813
-6357.0518
-3238.2104
-1478.1478
-543.5114
116.8296
1031.1478
2283.2559
2925.8184
3636.9548
5320.8242
6354.5122
4739.2163
1803.2388
-871.1422
-3073.1252
-3609.0173
-2156.2673
187.9432
1988.6422
1993.7218
904.1592
-330.1705
-853.3637
-721.2955
-1579.7388
-2476.2786
-2727.7163
-2948.6765
-3400.7561
-4043.3186
-2501.6765
954.9547
3106.1423
2735.3354
154.9261
-1932.7672
-2247.6990
-2143.5684
-843.2047
650.1819
965.1137
350.4887
-1358.7786
-2120.7104
-1854.0343
-1640.6934
-739.0739
  7.6193
111.7500
419.0625
1881.9718
3532.8242
2915.6594
1005.7501
-403.8239
-1752.4434
-2290.8752
-571.4489
2577.8696
5140.5005
6336.7334
5183.6768
1940.3866
-1005.7501
-2885.1821
-3294.0854
-3408.3752
-4899.2222
-5813.5405
-5038.9097
-3187.4150
-698.4376
1498.4661
3004.5515
4152.5288
4980.4946
4939.8584
3845.2163
2534.6934
1721.9661
995.5910
-673.0399
-3865.5344
-6738.0176
-7720.9097
-6946.2793
-4424.2847
-2082.6138
-599.3864
190.4830
551.1307
2692.1594
4845.8867
5849.0972
6872.6255
6522.1372
5709.4097
4467.4604
1564.5001
269.2159
1071.7842
505.4148
-2265.4775
-5841.4780
-7329.7847
-5582.4209
-3502.3469
-1998.8014
-167.6250
 76.1932
-1541.6422
-3809.6594
-5328.4438
-4223.6426
-2618.5059
-1160.6763
1244.4888
3583.6196
5257.3301
4823.0288
3276.3071
2143.5684
1569.5797
2138.4888
1983.5627
1412.1138
1589.8979
1244.4888
741.6137
-540.9716
-2168.9661
-2245.1594
-2186.7446
-2240.0798
-2356.9094
-2506.7559
-1236.8694
-144.7671
-464.7784
-878.7615
-652.7217
-132.0682
-215.8807
-1353.6990
-2775.9719
-3344.8811
-3619.1765
-3560.7617
-2499.1367
-1909.9093
-1307.9830
523.1932
2196.9036
2882.6423
2778.5117
3009.6311
4838.2676
6623.7280
6890.4043
7276.4497
7273.9097
5244.6313
2311.1934
-678.1194
-3085.8242
-3852.8357
-4017.9209
-3733.4663
-2791.2104
-3365.1992
-4701.1196
-5163.3584
-4998.2734
-4122.0518
-3156.9377
-2090.2332
-1147.9774
-307.3125
1267.3467
2196.9036
1627.9945
1153.0569
1589.8979
2783.5913
3591.2390
2377.2275
609.5455
-332.7103
-998.1308
-1097.1819
-1125.1194
-1089.5626
-114.2898
1394.3353
2666.7617
3281.3867
2900.4207
1592.4376
 96.5114
-797.4887
-840.6649
-970.1933
-1757.5229
-2039.4377
-1516.2445
-1361.3184
-1958.1649
-2968.9946
-3489.6482
-2765.8127
-1711.8070
-1079.4036
-558.7501
129.5284
622.2444
365.7273
-68.5739
 63.4943
929.5569
2130.8696
2595.6479
2504.2161
2547.3923
2201.9832
1160.6763
490.1762
350.4887
-149.8466
-142.2273
 15.2386
-66.0341
911.7785
1671.1707
1325.7615
449.5398
-629.8637
-1305.4434
-2384.8469
-4139.8301
-5440.1938
-5122.7222
-3997.6028
-3266.1479
-1831.1763
-652.7217
-193.0228
573.9887
573.9887
393.6648
728.9149
523.1932
477.4773
1221.6309
2080.0740
3337.2617
4663.0234
5325.9038
5854.1768
5295.4268
3334.7219
1630.5343
-266.6762
-1927.6877
-2189.2844
-2252.7786
-2339.1309
-2374.6877
-2555.0117
-2311.1934
-1965.7843
-1716.8866
-980.3524
-642.5626
-1374.0172
-1856.5741
-1574.6593
-680.6592
449.5398
1310.5228
1442.5911
556.2103
-109.2102
-457.1591
-1183.5342
-1259.7274
-391.1250
906.6990
2278.1763
2730.2559
2224.8411
1417.1934
269.2159
-604.4659
-726.3751
-482.5569
-256.5171
-622.2444
-1320.6820
-1912.4491
-1983.5627
-1153.0569
-911.7785
-1269.8865
-1092.1024
-744.1535
-314.9319
-439.3807
-1191.1536
-1262.2672
-860.9830
-530.8126
185.4034
698.4376
1252.1080
2496.5969
2798.8298
2090.2332
1262.2672
-129.5284
-1170.8353
-1760.0626
-2478.8184
-2359.4492
-1770.2218
-929.5569
304.7728
916.8580
1302.9036
2036.8979
2648.9832
2892.8015
2580.4094
1521.3240
624.7842
444.4603
449.5398
716.2160
612.0853
-284.4546
-1203.8524
-2001.3411
-2557.5515
-2580.4094
-2034.3582
-1214.0115
-264.1364
411.4432
-12.6989
-878.7615
-1427.3524
-1495.9263
-1089.5626
-825.4262
-540.9716
-38.0966
198.1023
312.3921
878.7615
1653.3922
1973.4036
1539.1024
640.0228
 33.0170
-612.0853
-1633.0740
-2095.3127
-1615.2957
-733.9944
-253.9773
-492.7160
-1079.4036
-1635.6138
-1401.9547
 17.7784
1506.0853
2501.6765
2991.8525
2781.0515
2565.1707
1920.0684
591.7671
-294.6137
-685.7387
-937.1762
-1531.4832
-2412.7844
-2943.5969
-2842.0059
-2123.2502
-1351.1592
-426.6819
919.3978
2095.3127
2593.1082
2252.7786
1109.8807
-360.6478
-1465.4490
-1864.1934
-1452.7501
-553.6705
261.5966
642.5626
253.9773
-650.1819
-1074.3240
-932.0967
-464.7784
116.8296
429.2216
952.4149
1221.6309
746.6932
576.5284
970.1933
1125.1194
1424.8126
2067.3752
1546.7218
629.8637
-25.3977
-1092.1024
-1528.9434
-2161.3469
-3037.5686
-2539.7729
-1701.6479
-939.7160
-134.6080
-195.5625
-347.9489
-30.4773
 38.0966
170.1648
269.2159
-33.0170
 17.7784
 63.4943
-573.9887
-1305.4434
-1648.3126
-1142.8978
-203.1818
325.0909
843.2047
1381.6365
1683.8695
1666.0911
1170.8353
673.0399
477.4773
322.5512
157.4659
-33.0170
-281.9148
-253.9773
-299.6932
-485.0966
-444.4603
-591.7671
-627.3239
-406.3637
-467.3182
-507.9546
-706.0569
-1551.8013
-2008.9604
-1582.2786
-825.4262
271.7557
1290.2047
2298.4946
3116.3015
2847.0854
1998.8014
878.7615
-332.7103
-792.4092
-617.1649
-393.6648
-193.0228
167.6250
683.1989
464.7784
-858.4433
-2181.6650
-2788.6707
-2702.3184
-2229.9207
-1511.1649
-683.1989
-187.9432
-350.4887
-292.0739
789.8694
1696.5684
2057.2161
1986.1024
1310.5228
670.5001
-363.1875
-1986.1024
-3090.9038
-3230.5913
-2270.5571
-980.3524
-838.1251
-1003.2103
-523.1932
 17.7784
434.3012
891.4603
1452.7501
1826.0968
1889.5911
1465.4490
939.7160
1099.7217
1163.2161
855.9035
1038.7672
1254.6478
949.8751
276.8353
-596.8467
-835.5853
-553.6705
-411.4432
-132.0682
 53.3352
 -2.5398
 71.1136
114.2898
-520.6534
-1597.5172
-2130.8696
-1955.6252
-1259.7274
-205.7216
835.5853
1744.8241
2077.5344
1341.0001
-71.1136
-1559.4207
-2499.1367
-2661.6821
-2433.1025
-1922.6082
-1264.8070
-1013.3694
-1404.4945
-1813.3979
-1473.0684
-853.3637
-528.2728
-162.5455
114.2898
584.1478
1214.0115
1396.8751
1790.5399
2392.4661
2443.2617
2186.7446
1582.2786
619.7046
218.4205
246.3580
347.9489
700.9774
830.5057
607.0057
223.5000
-66.0341
292.0739
1020.9888
1295.2842
957.4944
172.7046
